Accuracy: 0.6691176470588235
Precision: 0.21052631578947367
Recall: 0.05063291139240506
F1-score: 0.08163265306122448
Cohen's Kappa: -0.034920098080662765
