Accuracy: 0.9959983993597439
Precision: 0.9813907933398629
Recall: 0.9990029910269193
F1-score: 0.9901185770750989
Cohen's Kappa: 0.9876100451348355
