Accuracy: 0.9007352941176471
Precision: 0.8095238095238095
Recall: 0.8607594936708861
F1-score: 0.834355828220859
Cohen's Kappa: 0.7635848570692764
